  -7.8826913913246477E-002 -0.46875515146106433        1.1268157521697224     
  0.55146694551034825        1.5060654851047379      -0.63074927345980736     
   1.3292794046309140       -6.6344537843085388E-002 -0.25332408752962532     
  0.72528532368294885      -0.71807935762825215       0.49397227015184425     
 -0.39065956299661120      -0.64339792952318764       -9.8149538909847456E-002
 -0.27463385793251266       0.34509275791931765       0.54247116957825892     
  0.39863604642965694       -8.1716424927661235E-002 -0.27824461214870455     
   1.1923890301897351       -1.2591990549772261       -1.5308965221712156     
 -0.77942473745532670       -1.1677091818268599       -1.1060238834579703     
 -0.55894068006017805       0.30523630708821708      -0.63583079683414501     
 -0.60825784118476733        1.2496681638113938       0.17260249873151984     
 -0.91223278438245314      -0.21158700048729104       -1.3387238543891751     
  0.51369391051003255       0.31032353779136146        1.0850757633561974     
   1.0012972012028813      -0.57923116987956325        1.3380542199064835     
 -0.46655891173545250       -1.2757200736245558        2.0168811901350221     
 -0.94979321162813346      -0.80657999461944385       0.73393661243938513     
 -0.36930477601044798       0.35869272804712093        1.6795763860450754     
  0.35265706376963013       0.87402335381782781        7.0312661548688149E-002
   1.7381721813769275      -0.74840479203365307       0.78272431193323710     
  -2.0304133525042123E-002  -1.4086302697334030       0.54937569888481985     
  -1.3783012201249241      -0.37748563779039301      -0.50065253741138604     
  -1.0205093145102091        1.0050555745821674        1.2465344076568099     
   1.3626734957117146       0.62674734774519703      -0.93633962709025886     
  0.13375115916833455        2.0117596591121689       0.21826344921760960     
   2.3243281956205739       0.35403482137414372       0.20396783409863239     
  0.92366596052569871      -0.15884917470082974       -1.2790131147149371     
   1.2537399395817947       -1.6660807308246190       0.98253459963581113     
  0.60784123613174568       -1.1231685084223408      -0.54527564896294789     
  -1.5711676131160286       -1.3999393332790928       -8.4503000691354122E-002
  -2.2342717910438816      -0.70637666383758602      -0.33408090333661761     
  -3.4162071308908351       0.87295360273963274        1.2003939959251189     
  -1.4294997396585456        1.1795152624950087      -0.57214700301637655     
   1.9137270797373895       -8.6159971364294666E-002  -1.5811487843731205     
   5.9363549126729045E-002  -1.6732887788933049       -1.1656294347700302     
  -1.7872566668033010      -0.92708292953676130       -1.2090750074585355     
 -0.76803163097695504       0.90808023542597471       -1.3772418682043899     
  0.25210199905548702       0.64504647567988205      -0.97125840674318886     
  0.25257023999151301       -3.1046325836446592E-002  -2.8420455463161454     
   1.3619200028128411       -1.6284827903426753       -2.8967117188432367     
  -1.1080588524133894      -0.92122901538518376       -2.1681232263944699     
 -0.67524589537664947       0.34131548119800337       -2.7700747139718835     
 -0.21293902960054306       0.24278987539342703       -1.8796335912726252     
  0.19432351584531660      -0.48441778450967615        2.1230004717471171     
  0.14587905478457419        1.3673107699648124       0.91871679589419586     
   2.3329456162616715      -0.59346545444960352       -2.5786057544098653E-002
  0.39630521599261515       -1.3712500204271050        1.6032422956599766     
  -2.1679911100951688       -1.6417207235068774       0.91869206929598890     
  -1.5560330708394341        1.0295874943779340       0.43318169085443869     
  0.83821417033886814       0.47211164662507160       -2.2071843239346713     
   1.1283227959215723       -1.9974308566119796      -0.93184502946186354     
 -0.46180343925369444       -1.6033842885001355       -1.9678584478445349     
  -1.9441068576886500       0.29894587144013951      -0.19384470670591991     
 -0.45443641692911479        1.6135706633598388      -0.73789875727182119     
   6.9217728446873739E-002 -0.51665931927634545       -1.1562925283493770     
   1.0028248100690511       0.51863460231139380        1.8582665668056775     
   1.1431267246491663      -0.79173490277522318        2.3788548180841920     
  0.38981039540474099       -1.3515342854281300        2.8062217968202514     
  -1.0089088293444761      -0.34487172378335340        1.7507386258702251     
  -1.5628798571105418       0.45733524169981066        1.8442165376908695     
   5.6278693467490308E-002   1.3296857129172144        2.8188905951966912     
   1.7273899015931620       -7.4764022346115067E-002   1.9117716219491565     
 -0.27415703412606807       -2.0340179192408816        1.3966830265307872     
  -2.1575896776953432      -0.42346990051912287        1.7755616092274549     
  -1.7945871412118919        1.1046299446644747        2.5765192433365329     
   1.0852741999763014        1.1579545173320001        1.0400877954699403     
   1.9415176869242587       -1.3661399415554674        1.9580812611183256     
  -1.4005964901837620       -1.3193402044613349        1.5364013808772414     
  -1.1784393779312046       0.14259020621186186       0.35035345911608545     
  0.22777022256070151        1.0997222987486850        1.9296736962656107     
   2.2937124504829627        1.2072648000758053       0.75869140155582704     
   2.0409519905673337      -0.62640022537376316        2.7846420167826356     
  0.74205928623450412       -2.3156564811111080        2.0413530750307451     
  -1.9112387282753702      -0.45079805732462541       0.59796961982489794     
  -1.5363733055412023        1.8239011756267687        1.0936178152583755     
   1.8784491085058965        1.0052018100567941        1.6953998962619958     
   3.4472829888318195       -1.4588072084925365       0.59342048077290210     
 -0.93041097824535435       -1.8973875968020442       0.60965107228719528     
  -2.2407753182177403        1.1425529812361850        1.4021360195526313     
  0.10230716620281591        2.1084961248616065        1.9624735172871584     
   1.0974678377209921        1.8381801284666079       0.28447192359670892     
  0.69413871241677105        2.4036811618777252        1.1659760854726884     
   1.4839251915227571       0.84873585627327763        4.2487954434498987E-002
   1.7527585554120790       0.35119010090052849       0.98452026827359729     
   2.4115878564977007       -2.7732192063986076       0.33370842715139365     
  0.25098704757992685       -2.4211727303379877       0.66384358842092461     
  -2.4690279691120631       -2.7015087997590466      -0.27273492426825413     
  -2.7961544286354147       -1.1596575176084172       0.33100100973466040     
  -2.8657333446599162        1.7222426322375335       0.59697298155272738     
  -1.4510878055827368        2.6453794497295702      -0.60715700514896376     
   1.1357996359986131        2.3826707024859353      -0.56725382793090429     
 -0.24364996204774420        3.1186410113729797       -1.4110438923326074     
   3.2076464799663791       0.63122284895580372       -1.0552850112316177     
   1.9400396504843858      -0.79257856049596909      -0.89536405428871191     
   1.5431893862348436       -1.3013566897437903      -0.14421814342603667     
 -0.66733323848882087       -1.7670821622040829      -0.32845997727785126     
  -1.6333941647756354       -2.2147927756586978      -0.69183102902005744     
  -2.7888226987501499       -1.3814930396250780       -1.5641786806069080     
  -2.7625737694712229       0.28559842430133242      -0.65324934216320685     
  -1.1148364713514478        3.5526841359022088       -1.0602943919820882     
  0.70581094387581245        3.0693060285326474       0.23721830196922389     
   3.3311953553036369       0.41761307600640862       -8.8592934556327385E-002
  0.74367004502051759       -1.9096999082790873        5.3651804463477192E-002
  -2.4631598371247616       -1.6284001644632247      -0.59876061179771323     
  -1.8909210049529184        2.1690445341358173       0.18188572459485361     
   2.8543892398603772        1.2989260447559641      -0.28673439410001650     
   2.1839430115286493       -1.9799250116518834        1.1740592603834465     
 -0.61089694754711743       -2.8932325605234230       0.64912072954106514     
  -3.4880168309041482       0.82512049570175872       0.15381422215259649     
 -0.93301380426577851        2.2706241715487105       0.21327971074364202     
   1.7703458494614750        1.0648402622741922       -1.9644756706776312     
   1.3514927864934247       -2.9087127482122863      -0.99341017982740620     
  -1.7953555212114740       -1.7682153172557027       -1.6680802550921376     
  -1.8288291395212968       0.19581507846831131       -1.2501339126889865     
  0.57472614206285721        3.2864479667376103       -2.1342116212079256     
   1.8588935645858604      -0.79741032255601518       -2.2741122400061133     
 -0.13744703319880272       -2.4722259236089434       -1.9476040345230048     
  -2.2288980016134343       -1.0398388329899619       -2.5904890600628585     
  -1.6820080601560743        1.3233255679047893       -1.6903100774497133     
   1.5056341977490915        1.6844239597079813       -1.1716330680488740     
   1.2708324547722070        1.0158134093113085       -3.0081229075958142     
  0.52424839778834975       -1.7135809148415466       -3.5020514446166824     
 -0.22292014154455769       -2.0368715014029268       -2.9226773370359109     
 -0.16482358249964579      -0.67868251166586091       -2.2759115475320049     
 -0.33856286396094942        1.1084539299887270       -2.3125619395677313     
   2.0640284837323741       0.31106706035248349       -2.5738986431354665     
   2.9105370274227140       -1.3327573708091278       -2.6718245143813681     
  -1.3318616022360372       -1.7365263918866876       -2.9926021563005167     
  -2.9115912710992453      -0.60034406225829229       -1.0261953196604972     
 -0.21032851477774933        1.8653405834684109       -1.6358021970484504     
  0.95758534187785183      -0.56237346621053108       -2.2518952370801344     
  0.55645045399968895       -1.4715110542257317       -2.4001269486695858     
  -1.5796240774628152       -8.1734367583236156E-002  -2.1991937861616981     
  -1.5320323154786819       0.91178033262628044       -2.6554970764346963     
  0.66731362836908825        1.2722105697441608       -1.6024458816235694     
 -0.49636514817505056      -0.15260075862901912        2.5901301233366913     
   1.0717523423299082        1.5649949710204403        1.8663402517430225     
   2.8024772229678727       0.10009827088919475        1.3282936060027333     
   2.0942193316917757       -2.9146702350464766        1.4135403258314059     
  -1.2804246957478758       -2.3044964542809607        1.3699993622612094     
  -3.0191042555847050        1.1439423032679148        2.2115785782909261     
   2.2208424558181306        1.1571905601096844       -1.0161506020715172     
   1.0993117248316340       -2.1473075480763044       -1.8972714378404880     
 -0.66758944415656551       -3.2914974665176557       -2.5692243056010620     
  -3.8478926981980757      -0.54910944218690505       -1.3971575353031964     
  -1.0876129923544744        2.2815408182020103       -1.3808298089289184     
   4.5112141131491978E-003 -0.87085133565035222       -3.4329047159335015     
  0.52946529940013354        2.8311431472583926        3.8180841777805545     
   1.1106712403596253      -0.89343020138436702        3.4698962614513156     
 -0.49752541020173663      -0.93687825992695173        3.0258193174323909     
  -1.6699644146050301      -0.55326634722652757        3.5038144440352297     
  -1.5744189489243452       0.14882645903512309        2.8170490618040236     
  0.27543432760264058        2.9451440525518606        2.7257349864559726     
   1.3650369236184192        6.2692819942218592E-002   2.9873764744153615     
  0.71502752029115246       -2.2999244761874591        3.0536743801658690     
  -1.1988135164755978       -1.7639246007123295        2.4607708466367830     
  -2.2541101489783304       0.45882069924777918        3.5352973710541784     
  0.89906688570127025       0.90145483812531801        3.3342720940403323     
   2.1070482830474146      -0.77964977329908913        3.7526644935655367     
 -0.24180396180948327       -2.2223106360999325        2.4943424042896689     
  -1.3519251323176564      -0.84977615445801025        2.4321103741639760     
  0.47761607892230967        1.5785736111840867        3.8922521261577288     
  0.79659907284687481        2.0791231628137101        2.8735010392684259     
   2.7955991105723408        9.1084381834622349E-003   2.9631503619706328     
   1.1847811645386086       -3.1392828340808214        1.9786396924424932     
  -2.1671453638404401       -1.8452379376580885        2.7716263879532961     
  -2.6686606000697628        1.4999352536271462        3.0539894134220420     
   1.8201668229296377       0.78157690391671808        2.5911739424324556     
   2.7053374576060487       -1.4144919300882588        2.7426141970666897     
  0.35357182110168300       -3.1909885835095242        2.5132839093968973     
  -2.1452420360038076       -2.2120623002657438        1.8965436325286078     
 -0.83562125477751170        1.5873560554216832        2.1455887178732924     
   2.6108358588355354        1.0754968756949264        3.0705708576969570     
   1.4823540492164933       -1.5893279050632898        2.8475920085650008     
  -2.4793844815276604       -1.3393197978202964        1.7716087135530121     
  -2.5382329491369475       0.39453869312615664        2.4567514617391937     
 -0.16619912532548767        2.1451531473504217        3.3930861084869766     
   2.1726063826242554        2.8471495754890381        1.5166788027435978     
   3.6060854742570019      -0.74432666792573254        2.4902886796224188     
 -0.54984883147478358       -4.1730947528350200        1.6041199274623892     
  -2.8064838071774445       -3.0127952294772635        1.6362462153503610     
  -2.3943207680402381        1.8444106142149885        2.0323002506426029     
   2.3422614653379004        1.8370274913707223        1.9362987941630052     
   3.6687228598352561       -2.5902154033888438        1.9737477120434603     
  -1.8226084589771610       -3.6340669193571955        2.0498645748632045     
  -2.8432644313568156       0.21606824150602702        1.4949783300290165     
 -0.70130474297201573        2.3824134345654091        1.3236262034535193     
   3.2690668062405543        1.3955302186549459        2.4449046838549662     
   3.1004991873235608       -1.5934210470362782        1.7874339622865520     
  -1.3274587137132134       -2.8000365124245756        2.3597116488741205     
  -4.4407812519169880      -0.13773044939337042        3.2640155709845655     
   1.1807665651221801        2.5766964777907670        2.0797744410594432     
   1.8490533414961774        2.0166228489060560        1.0129796212890536     
  0.21857147220666107        3.2065095478401671        1.5924630116974048     
   3.0673184621109346        1.1023486379160472        1.4492205053868741     
   3.4708447511581650      -0.43743732279214226       0.45168721470372847     
   1.8647889625803777       -3.7686547975307683        1.7899393318039150     
   1.2638813699377345       -2.8075660440229941       0.98549331429739395     
  -2.0186505727498774       -3.0791402914303658        1.1263943388948472     
  -2.8766396556832725       -2.2669436654155328       0.72044639026882273     
  -3.3275015087107138        1.8740531991285483        1.4611284060610661     
  -1.6183197578013637        3.2066329604953947       0.56502767455746594     
   1.9431840649030541        4.0512419554880390       -5.9063783133119545E-002
  -5.8712023365929199E-002   3.8968278319355387       0.12277927067048311     
   3.3992815711824775        2.1468294601907898        2.8971581311497577E-002
   2.8088580947299926      -0.63198701961805159       -1.2085863045130230     
   2.3579753434974644       -1.5475550261529409       0.31670860671161516     
  0.30226443373647899       -2.5994079205378959      -0.59374811993741505     
  -3.3027608714152610       -3.2261831697520194      -0.56328197137527247     
  -2.8569690096968343      -0.22591055263150644       0.23853074917357864     
  -3.1366494579279789        1.8926594680130884      -0.39893349918170612     
  -2.0571973143597702        3.4492302556996730      -0.40689544905270558     
   1.5043141596442615        3.2950493158022383      -0.61411069975574684     
   3.3001534294445967        1.1264077621622457       0.56310706799280486     
   1.0885203662703418       -2.8025130152804647        4.1276966483807617E-002
  -3.2265810869372720       -2.0898903124848829      -0.18997633935062436     
  -2.6875405736699243        2.7406308367609507        4.3030196550916625E-002
   2.2470277911817309        3.6802723254840970       -1.2046926949374699     
  -1.5817365527528429        4.3363858281542100      -0.79497466761017777     
   2.9757285035661112        2.6653697112309640       -1.6155902674678588     
   4.0531606815003807       -3.0671764503531622       -2.7754464848298008     
   2.9368780539808461       -2.8580536562839240       -1.1060463800220262     
 -0.88354279361087151       -2.1328622618565642       -1.2958646500805733     
  -2.2170768885552250       -2.6346193047336777       -1.4694539644382651     
  -4.4522319857006591       -1.2032917447462019      -0.74860663812760775     
  -3.1000799601134932       0.29653566918957613       -1.5335806180323415     
  -2.1327183426345186        2.7441768084314315       -1.3034003261468112     
   1.9715837650426220        2.6285262666724698       -1.1828459180386564     
   2.3731761784514624       0.20243819391758835      -0.73129951425917816     
   1.9410795897151378       -2.1549643976152688      -0.35121054817903835     
  -4.2005683462161008       -3.3408045759585958       -2.4064988330102306     
  -2.4696226504873091        1.3042626489533073      -0.15094399747616860     
  0.56022370552740930        3.3090776971660225      -0.90504173725949000     
   2.1702345924857247       -1.6627725177157751       -2.0550444810832569     
 -0.35450848086445191       -3.7164141123725503       -1.5748143377912849     
  -3.5268647257801673       -1.4237830393855984      -0.84744096183952722     
  -2.2421172389008941        1.8554427244188942      -0.97856820285968715     
   3.4661323046465533        2.9072311869495850      -0.69607440367827744     
   2.8765976903903456       -1.8582905333778317      -0.92763080428412426     
  -1.1926250129270730       -3.4898429689671131       0.18015701169152792     
  -3.7061034672349802      -0.11051850481260565       0.84391528819262607     
 -0.38605893666087132        3.0485905519525955      -0.37450079796721025     
   2.0664025728604587        1.8672826347725313      -0.16467072419109774     
   2.7725708974677530      -0.64577520061749893        2.0455814070581368     
   9.9056525263810619E-002  -3.3602611338770632        1.2843080683756716     
  -2.6898114462925879       0.69586627068198748       0.66302636849338736     
  -1.5407668800943068        2.6098939920124304        1.7913384698621637     
   2.8165426749988418        2.0623218300447457        1.0619183715243663     
   3.1153200288251637       -2.4371253605704717        1.0089914229856189     
  -2.1867580691520554       -3.5124409883588004       0.22964810187581045     
  -3.4184826572225657        1.0406430607967414      -0.73907155310755879     
 -0.38739008194085484        3.1549878812527243       0.64109947244742627     
   3.1472235624076625       0.75137772913775169       -2.6540698729578991     
   1.3816488143230172       -2.3959248107986557       -3.5544531077493380     
  -2.2986753554301766       -3.6454726658933749       -2.3725783537566509     
  -3.3787513801594473        1.2033292129866873       -3.2070183928049700     
 -0.15431470866128863        2.7048809417630424       -2.3711299336851246     
   3.8252767905606393       -6.0180981880406242E-002  -2.6158491741296999     
  0.44142135044953162       -3.1707593401687562       -3.5056357790961448     
  -4.0996074844222798       -1.7322895546354975       -1.5697304549232278     
  -2.8952364144599221        2.0876024500542663       -1.7259229258174815     
  0.14400036353979018        2.3750411459765717      -0.84891782044220310     
   2.0205363968397969       -2.4033290032193078       -1.4415377645293022     
  -1.3329906308122970       -3.7112682996124953       -3.1502177756924028     
  -3.2656082610482176      -0.90947757306511501       -2.4423411859869839     
  -1.8609792321050522        2.3277043044245893       -2.1461751185928466     
   2.6800755540734835        1.6153712498033677       -1.8328255521363150     
   1.2129949138880620        1.0924068376622076        4.6397769834416493     
  0.74159914512126246      -0.27931941906291435       -4.1932627177891382     
 -0.77970320069654697       -1.7999237405635351       -3.9333931028693194     
  -1.5417419353589907        9.6314398347811220E-002  -3.2821914877536917     
 -0.87262414536111199       0.77611300055439703       -4.6829920631767026     
   1.8246235931627868       0.95131212089537742       -3.8300870843962329     
   1.3026476660937434      -0.95915387924436146       -3.7067622982327708     
  0.70260841065203938       -2.4037617900985659       -2.7398785863243331     
  -2.4825746036787524       0.62672316424592955       -3.1369732436259214     
 -0.85756807702958560       0.90866719451881206       -3.5320876483346373     
   2.6957221303748380       0.51839906683314096       -1.7549676631260380     
  -3.5819829991875843E-002  -2.4349317471884007       -3.8705455765893255     
  -1.7562104571440589       -1.8814539215673007       -3.9912934649788419     
 -0.96275866033410451        1.8319496213127677       -2.2953917567070610     
  0.13748543139533925       0.83817840979023195       -3.2666664780504200     
   3.3221886036320991        1.8179724718604784       -2.7765679908581395     
   2.2860379836212092       -2.0248493086078940       -3.0821771935192359     
  -1.4161280389805271       -2.4853107892185440       -2.3084883864463794     
  -2.3876967607530797      -0.38583602376793741       -1.8507688587700830     
  -1.4920315797019041        1.7831366032654070       -3.2149933144628804     
   4.2879724421746097        1.4704835670324321       -2.7081459954398164     
  0.82133640679629893       -2.4144470488544152       -4.4662465651415602     
  -2.3252788239977593       -2.0587634661942933       -2.6070869996835966     
  -2.6790184750778465        1.1653559047932291       -1.3511564306807551     
 -0.24707940391020811        1.8513234728195269       -2.9919873763073390     
   2.7586710080612327      -0.40486115253087701       -2.1700617540523570     
  0.31769356773466423       -3.5651072600615317       -2.4102325536020417     
  -3.2461323825051975       -1.9501816252878095       -2.2008002473918116     
  -2.2581068086603162       0.60577357743376359       -2.0355298264820569     
  0.57091056618611091        1.6419890592326889       -2.5183652715998659     
 -0.74193428107046677      -0.90337253326817302       -4.3658076446108947     
  0.94939617397807285        3.5628871445695642        2.1815312193221867     
   2.7247943135545474       0.56444106980454245        2.1101618104383038     
   1.4012149709159811       -4.2402152128055794        2.8772060430771687     
  -3.2192372814132364       -3.5428700217394207        2.5350754359311369     
  -2.4745209938202750        2.4622026248344562        1.1471659757581034     
   3.3746355829933532        3.2522396626806289       -2.6619875578252965     
   3.0268068438296054       -2.0247160080493320       -1.8813836200884924     
  -1.2117335864436376       -3.0528848801689730       -1.5257234697576818     
  -3.8624057675449022        4.7411901805714418E-002  -2.3311840821649206     
  -1.9463353479035099        2.9805298200842265       -2.8777485298760670     
 -0.60175262057990941       -8.8720643000577012E-002   3.6207371082596480     
 -0.16003779503881405       0.86070879906038633        3.6072543383178113     
   2.7126438705482050      -0.29205372963578741        4.3589285907321278     
 -0.97887082045409846       -1.1485964495320764        3.9456587690560312     
  -1.7959689553205467       -1.5332450879532575        3.7112991601659373     
  -1.2600236194938073      -0.13966249539090808        4.5932023332631617     
   2.3233494194744657        2.6810825829733229        4.2973834968861953     
   1.9542675549772945        1.3967963761469864        3.8313565565105669     
   2.3630999556754433       -2.8384375015845436        3.1038358341134828     
  -2.4915668675393579       -1.9389872158784551       -4.6502750883784989     
  -1.9856068419004433       0.53114021078436202        4.5027360834220227     
   1.4245439075628457       0.14044584809468724        4.1981095319514452     
 -0.33026502947607100       -1.8304565256394827        3.4825964193301222     
  -1.1830938784415777       -2.2065077319411071        3.3701760696067149     
  -1.2536706726935531       0.69851338392559059        3.6502003491825628     
 -0.58494627527966403        1.6648509835769836        4.2987093969298424     
   1.2898683550213568        2.8156038598534390        4.5031660801728028     
   2.1963654053772261       0.26810959901353609        3.7271911417497647     
   1.7694090686999657       -2.3537849451378623        2.3931220577184242     
  -2.8367483412248991       -1.3879272790924355        3.7979203120000689     
  -2.0516453778598316        1.3370898856547599        3.6803796113515488     
   1.8404542063524845        1.7824924791270691        2.7205529662173102     
   3.1197733620396999      -0.78250476201367014        3.5002273164478628     
  -1.4500351347227869       -3.1912735543771866        3.4052518357944006     
  -2.3145034453933024      -0.40338842716793449        4.1746675896628034     
  -1.4584264149996657        2.0644126335975765        2.6553185444289591     
   3.1557300013419565       0.40100723846100400        3.8189966374711881     
   1.2234343828731884       -3.2056290163563395        2.9794463634634241     
  -2.0396884186554534       -2.5639929930210883        3.8658558821388227     
  -3.2146720362332690       0.66558342420136063        3.1445966559673799     
 -0.90807011661546133        3.6194188205299938        4.3374625501615682     
   1.2656804218080411        2.9697716733524437        3.0132666413814100     
  -4.5966190277966650       0.46231747794104339        4.0258277710084629     
  0.35123460176554205       -4.0244107812653951        3.1965399315353737     
  -2.8599744022916758       -2.3803971160866517        3.4198422234784762     
  -3.2515339424096679        2.4570512979968431        3.4595358887945666     
   3.0605223910753940        3.6193951296649591        4.1624740837272549     
   4.0331682254873780       -1.3165796492124553        3.8519482828080616     
 -0.51573577161684592       -3.0291351814448748        3.1049631436224501     
  -3.1286227967184579       -2.4397203029211663        2.5147208661614822     
  -2.7464671954104745        3.6209693696588277        4.1805933139575853     
   2.0287914917901180        2.9409575707197413        2.4385173930160655     
   1.4009909359829422       -1.7221569379604074        3.9884132101457563     
 -0.41452362449827901       -3.0084239809730695        1.9093239974401770     
  -3.0162191369933335       0.35313610411344309        4.2846643605447428     
 -0.55850769778284604        2.6956636166156493        2.2867172074714208     
   3.7215295798671848        2.0298872915999153        3.1932039662232286     
   2.6720001053392215       -2.3360189076068343        2.1474262161267998     
  -2.3196873026486697       -3.6130364836375319        3.8026623064174987     
  -3.7885530449369171        1.0244857593109309        4.0417701346069563     
  0.23009595953413331        3.7501467022149302        4.2047510611954282     
   3.1859404522867050        2.9918304891326426        3.2384098852267735     
   3.8979920041187417      -0.19294994591512774        3.3859134626632055     
  0.90701896457776576        4.4170498706819901        2.5471319401629824     
  -3.9616502024589786       -3.0824434789744317        2.2265361651206854     
  -2.0301757909403992        3.6183018535496396        1.7306417077170544     
   2.5220558251035214        3.9397488205594740       0.84237679522312836     
   3.2635878758900305       -3.3761642475138465        2.7654302499640795     
 -0.88711227354091216       -3.7635909565978780        2.4818415520405379     
  -3.9594723109858401      -0.74396125083605347        2.5458068676091856     
  -2.3346299334898157        2.6586104822605776        2.5437682833316617     
   2.5126384873135268        2.1473115435958365        3.3004873540534789     
   3.1164418858245191       -3.2585522155793005        1.5305560143315606     
  -2.1732214123403044       -3.0456437065347362        2.8196222873280052     
  -2.3401409605788976      -0.68503794965725273        2.7451895325529851     
 -0.33590548047884516        3.6670018916148819        2.4462964130837230     
   4.4837321833675441        1.6389499089922277        2.7787157258759323     
   2.1102193812357415       -3.7617712829620622        2.6557938452679766     
  -3.2561608945665275       -3.3266158321417696        3.9581440240182015     
  -4.3269857728113452        2.4859638645204556        3.0914741101039866     
 -0.15863981792686815        4.5414837654267730        3.8006079733972022     
   2.0639966255113551       -4.5663275223309556        1.3650185841514328     
  0.48570515239980100        3.8692259246010572        3.2559856452816285     
   4.5095433525212218        2.0070146763183421        1.8024341356810101     
  -3.8166798622933227      -0.66137142776312130        1.5530530960558648     
   1.7251384193813406        3.8046642951856069        2.7341863151086030     
   1.1482269834251249       -4.4621778434985444        1.7434694548672556     
  -4.4624606198333243       -3.3296429605842692        1.1939572130357547     
  -3.6833144734884047       -2.6493524786113403        1.4397177619559962     
  -4.0397516556221325        2.6398933245580682        1.7831428112482695     
  -3.2119049697758433        3.4892916284391982       0.16179168786704148     
   2.7957631576153115        3.7899336542018660      -0.15027083801868632     
   1.2963809587803916        4.5052019011799809       0.78115370967253484     
   4.4190053177511448        1.5523267177281292       0.31771573918604357     
   4.0581472225517068       -1.1756458084797192       -8.6580067903491986E-002
   2.3725477820930645       -3.6918266440319716       0.97749198917215463     
  0.38293504981363147       -3.4143557844653616       0.40185162811846131     
  -3.5769097173705324       -3.8536141995581668        1.2355971755825046     
  -4.6421384486260804       -1.2049827055130053       0.80212916878775120     
  -4.1301252401363957        1.6036661291727654        1.0890990509560865     
  -3.0022646104743504        2.8542775134846341      -0.83963087192596886     
   1.2753123703759559       -3.7794645704462408        1.0352036512249978     
   4.1227201228243109       0.38516594995956277       0.39857607055915689     
   1.7985591866129551       -3.5861914800068875       0.21668942674510550     
  -3.1058791449025458       -3.3278293525381750       0.59418456954084486     
  -3.9561786415569138        2.5567361134613678      -0.48523146325407052     
   3.6237642786559192        3.8178135946223990      -0.83142356971018871     
  -8.0626585642462778E-002   4.0395276650876690      -0.82598267790036217     
   3.9245708818492009        1.3337355271027040      -0.50311226075545035     
   3.1056260567869467      -0.95633402537551071      -0.30881732523652444     
   3.0547326641564618       -3.9287472320428805       -1.1408051590886248     
 -0.60761173180657690       -4.6387262396410209      -0.12923244098923983     
  -3.0127236248327813       -2.3560598514736055       -1.1019417895846539     
   3.9009173471243206       -1.6748101849397168       -1.0537434741509588     
  -4.0380333389039054       0.42669175698615452       -1.2918571914976809     
  -2.5812604785120041        3.4299243753766371       0.89367278671140615     
   1.6290249214937453        4.4272074694114814       -1.0351374626108587     
  -4.3515574889669280       0.56339851762277626      -0.37711354061738611     
   2.2340534085065511       -3.5445105217274562      -0.80540465542266038     
  -4.0598068901254498       -2.8238088998756492       0.14169761227895245     
  -4.4284034506759467        1.5366399502406252      -0.73267247364917321     
  0.30955567339345968       -4.4990620007695554        4.1913296319044058E-002
   3.4371684249246139       -1.0907634366157051       -1.8069922701585512     
  0.89352848999379419       -3.6885716228203922      -0.36054796436168268     
  -4.0534947808227049       -2.3476162697875758      -0.78979636314732271     
  -3.0605152041993118        4.2072943172466575      -0.55713987138843613     
   3.7306557166722594        3.3702543047023203       -1.7763322943929556     
  -1.4443738979631591        4.3709821936984072       -1.8335561356243018     
   4.4333211378916610        2.4532413480319217       -3.0370841657008252     
   4.0012457199764384       -4.0225187090531547       -2.1939276456245715     
   4.0989596240670831       -3.4866338741021807       -1.4281798564110004     
  -2.0063645106040653        3.6306863642973344       -2.1483059709979804     
  -3.3191805356364878       -2.8701108869510064       -2.0595069377844215     
  -4.0666227755481987       -1.3818179524285199       -2.5090219736631005     
  -4.6824986061279636        1.2970640768621871       -1.7653862308070190     
  -2.1331286070976772       -4.2869410035259543       -1.4644200372481604     
   2.3109846307934681        3.3263757104337688       -2.1437894230439167     
   4.4867304577643905       0.32965920199502508       -2.0155394455083449     
   2.3945037576893364       -3.4567342525160751       -1.7798381085717245     
  -2.6286694529683809       -4.6688372528029189       -2.1146053754376370     
  -3.7264021979084037        2.8812987999821962       -1.6270002586325554     
   1.4196250075568300        3.3070154631275517       -1.6617011921744247     
   4.5134154483545155      -0.34808334650244460       -1.1703415844435203     
   1.7090180557425516       -2.6050618720609231       -2.4989561561333460     
  -2.9876398658727172       -2.8193534744933491       -2.9001235559588943     
  -3.3374253373479870        3.8077616531603127       -2.6771373093634918     
 -0.41812004005347919        3.7470742528273022       -2.1364259430054262     
   3.6324868595748359      -0.12592537620295624       -1.6973167622101715     
   1.4141860743425025       -3.3732690844261417       -2.0547911574943551     
   4.5159126887570755       -2.2848430166420517       -2.3553872796882622     
  -3.5154226355149483        3.8605841062483299       -1.6235466191478678     
   2.5346269619282649        2.9781205261947750      -0.53752419583713662     
   3.0404849155303668       -2.3189645129549743      -0.15661844336752850     
  -1.1712705666983914       -3.9433073108821928      -0.80199834666471148     
   4.6718224494984630      -0.44687209764787789      -0.11370216724904422     
  -1.1034481074951135        2.9466649191336951       -2.0906952379393604     
   4.2330751390318149        3.1170467967516786       0.18873571633730019     
   2.7601844039267269      -0.87504617526874051        1.0243546273069108     
 -0.80050958923095161       -2.8031461910336866      -0.58974330048620571     
   4.5285647595798144      -0.26073784262335620        1.0841637365625871     
  -3.5245769656136683        2.5614811084746338       0.52717506312146922     
  -4.4879944112933945        2.5227776943264222       0.76524119777039035     
   3.6681818500257588       -3.1513666649792720      -0.34417936038098029     
  -2.2444134173541674        4.2683074631485667       0.23465021025672153     
  -4.2948689669500482       0.59448554008893750       0.68896687881925700     
 -0.54450831792481358        4.3726098376312121       0.79401830954828434     
   3.6154222970348453        3.4373340745171599       0.81286137921655544     
   3.9260560799436366       -1.6314346298779709        2.2988894799355934     
 -0.49985030190659541       -4.0287321573904791       0.61908502296406132     
  -2.8783698075159490      -0.64166974523087783        1.1385519070597616     
  -2.6230124146386129        4.0248769621771574        2.4384351129932158     
   2.7871566261649945        2.9782135353760220       0.58386825813222853     
   4.1056031621519642       -1.9792015158197285        1.3299997246067139     
  -1.8014092110184865       -2.4024168225163236       0.39510386267388153     
  -3.5747857499130107       0.21205919937987222        2.2561450044496247     
  -1.5166949421956852        4.0283011628484333       0.91714768446831929     
   3.1543297259772141        2.9477018720363719        1.6161657908777736     
   3.6269281893890013       -3.6974785309220142       0.60519145047501766     
  -3.4490536619727434        4.1081597379237920        1.7123998424530424     
  -3.7129731226085911        1.6142982650861775        3.2337242929419574     
 -0.80508684254801655        3.4519383014915102        1.5548406064612077     
  -4.1271992957647656        2.9344748592046574       -3.1259738220622437     
   2.5421632330729529        4.3465283914688202       -2.5799918140569629     
  -1.8874897922754179       -4.5537922521428174       -2.7062877586368623     
   4.4835595623227924       0.57371214492088374       -3.2122513112341968     
  -5.6349526822494347E-002   4.2639039413276043       -3.3574268500133018     
   4.0869375717813172      -0.40575572943387000       -4.1341916506375860     
   2.6967564322863322       -2.9123715394070384       -2.6252676186910398     
  -4.5989691882390042       -3.9423832550244309       -3.1134300771348813     
  -3.5144208480009600        2.3762923526912463       -2.4841544557753017     
  0.82697597756438990        2.3001402380225380       -1.7061270257706709     
   3.8518846467248498       -2.5735057457467914       -1.6509625248854307     
   1.5272516775250478       -3.4948279478612982       -3.0966259022245013     
  -3.4851328597173312       -2.6654532027060855       -3.7955170044364803     
  -2.8891952970185870        3.0820078063727490       -1.9701440476302019     
   1.4881555272045337        2.0502689355519155       -3.0997672207196940     
   3.3882095189949286       -3.3593405867509927       -2.0748319876493841     
  -1.7233821367709898       -3.7206138212188633       -3.9959604889244682     
  -3.8778063352698631       -2.5362265030039448       -2.8295678773092336     
  -2.9782092054146716       -4.5372426224083053       -2.9792508863142189     
   1.9550861573552907        2.9561170599246829       -3.1615065993179012     
  0.38272808637149974       -6.5281564125921676E-002   3.6755820891410256     
   4.4940266369624601E-002 -0.93400788865338269        3.8066663745159577     
  -1.2818427032122146       -2.0439978316437823        4.4739285472424086     
  -1.6552149830830372       -1.0492907468709001        4.6527957869823178     
  -1.5713218009529217        1.4014364426717791        4.4967819331132599     
   2.3069779884361834       0.72969350231803820        4.6072669021642856     
   1.3649842654972493       -2.7248879726207687        4.0224511168830279     
  -1.0715100251624419       -2.6270330044429802       -3.3817216760533388     
  -1.7774789030362705      -0.92748275583768292       -3.6410317201805356     
 -0.40113106611194721        1.6491174513485756       -4.0158016291945504     
   1.6352183031571024       -7.8181993152580093E-002  -4.1660887745187720     
  0.48326289471042477       -2.0252498336360532        4.1229025129386168     
 -0.91580378702313214      -0.66460541397751693       -3.1970322133095626     
  -2.5071758915718574        1.5160596115734521       -3.5031514656592844     
  0.28758544479209192       0.90992053895423919        4.6394135199790663     
   2.4325932255110825        2.0895702902612756       -3.5143099037772902     
   3.4918747743076732       -2.2434892130972499       -2.7656455380978158     
  -2.5791919404133483       -3.6589597995364458       -3.3461847953040302     
  -2.9491948219758188        3.9178148861992314E-002  -2.4872002402794098     
  -1.0327923205011940        2.6725678210351966       -4.5215624748577188     
   3.5805624817180446       0.21529485660163533       -3.5978691160146163     
   2.3552132253818998       -3.5941069005797637       -4.5253557050285584     
  -1.9855111599473496       -2.9163040355953078       -2.9336379061720530     
  -2.4937816317496688        1.3564271630045581       -2.4665545752066453     
  0.76893085567657649        2.5211416003693814       -2.7988815691053026     
   2.2447828458594592       -1.0330291306670953       -4.5736588828314684     
 -0.26723410469406605       -4.0454152075393122       -3.2022419529520874     
  -2.6563606072166319      -0.88818636580634625       -4.3368674616597209     
  -2.5376737461193164        2.2205078133586644       -2.8460162087084209     
   2.0070726938439987        3.8913735697086009       -3.7682403004597300     
   2.8272288799023739        3.3678114237533712       -3.4955208242082274     
   2.7293071917157792       -2.1234308810836127       -4.2845694767188069     
 -0.86592853862627672       -4.6798635516409686       -2.6775559289200030     
  -3.6886486548623032      -0.84883659700001246       -3.3903973015789810     
  -1.1854933169519546        3.8250961454975507       -2.9155279939378915     
   3.3240990749215769        2.5666577806583972       -3.3659375089719044     
   3.1528252287278407       -3.8182048667962132       -4.0254283324916065     
  -3.9013850222257198       -4.5971278916418319       -2.8216043572192469     
  -3.4907261521685067        1.1671085108313295       -2.0233873352503000     
  0.20827999076692388        3.3918580883088816       -2.9776670439606820     
   2.9961880766617455      -0.46266490203459398       -3.1140575830794726     
   1.8405123662450000       -2.7789805342639107       -4.4119583051364755     
  -2.4726810856546981       -2.4913593274817343       -3.6944810115232856     
  -2.5677166292162084        2.4463004485647120       -4.0772502363139465     
   2.2681385462340176        1.3036761581807479       -2.8998909189576230     
   2.0939684270378569      -0.66577757532426274       -3.2709068916065256     
  -1.4385154652313730       -3.6672817016891885        4.3454419585685926     
  -3.5761683641289150       -1.8172318261497935       -3.3900449460880639     
 -0.85405055917227912        2.6421824452604628       -3.0945182255524073     
   2.5970288070283587        2.3728237949960702       -2.4572709758452902     
  -9.5607053283706611E-002 -0.22928647329983989        4.6532706290116268     
   2.6360614764344286        3.6688044927126362        2.3167459087912037     
   4.5226431571642305       -1.0366109777539343        2.9729630625174557     
   2.9406896539077936        4.0677179399414358        3.2512352214466071     
  -3.7984258860684212       -2.7449723328720270        3.1638584559042635     
  -2.9759432403818082        3.1282413861393952        1.9736893574036942     
   3.6785827047293580        4.2079857684171262       -2.3092213712656622     
   4.6196886293556298       -2.8803642455188765       -4.4579896333407545     
  -4.6228838328668065      -0.42482419228711654       -2.7147610964523321     
  -2.3074344217054406        4.0069916380622974       -3.0680173857870434     
 -0.77886976531985475       0.76364365551054758        2.8031404762614742     
  0.83237762303512886       0.63672568643280381       -3.8525576655254294     
   1.1997632612156863       -9.2178942633801386E-002  -3.1755709719468945     
  0.28307813064515169       -1.1373007835546241       -4.4698911167324837     
 -0.27646965009022834        9.9881208459516480E-002  -3.7961898535936864     
  -1.7689981633762253       0.97281312266172215       -3.8147093846797757     
  0.54348312181794023        1.5974686839511545       -3.6257503823675932     
   2.4827476672968931       0.16800292609896658       -3.6021766298489513     
  -6.0596268811663342E-002  -3.1808799049924192       -4.6477928788561336     
  -2.5914188589484337       -1.5396811902147216       -3.4905719719382757     
  -2.4499845716336592        1.7109420058357152       -4.6024755592601139     
   1.2737247751604055        2.0484090385835829        3.8043751631094551     
   1.6047703164646054       -1.7576880161994821       -4.2938647672500823     
 -0.96584160886543380       -2.9642487653274299       -4.3825468127226106     
  -2.7423844137037738      -0.51923188151285338       -3.2687021714950117     
  -1.6685696651808033        1.9941432939264880       -4.1540937135345359     
   2.2654087377912933        3.8555020002071121        4.5693441543761182     
   3.1070225773190994      -0.63723090592050846       -4.0881326590406317     
   1.1699248426579145       -3.8912598225338928        3.9084048066263848     
  -2.8984037871997619       -2.7720563353707854       -4.5267693190667417     
  -4.0375101622035139        2.1756160018372297        4.1184975290733004     
   1.9299542347708096        2.8403733408587781       -4.1712472240073479     
   2.5586227100090162       -1.3671876725698819       -3.6195446283526946     
 -0.59568100976867444       -2.6395773628177155        4.0565512513818334     
  -3.3800761750844868       -1.7039794548693519       -4.5006401895304684     
 -0.34769949854949272        2.6839702376327481        4.1527148394198523     
   2.9973264389680816        1.1443361506410819       -3.6213542206880658     
   2.1759565963113410       -1.9121807356641551        3.3373874637849594     
  -1.9590996714398665       -2.7905326612851029       -4.4512086575629652     
  -3.3628715266560891      -0.17163786375634002       -4.0801932613515488     
  0.34650699916248284        2.2675216359822703       -4.5590712860110667     
   3.2214652653376117        3.8855308295655000       -4.3094772103310044     
   3.7786866188589801      -0.26104925098314791        4.3817305563213136     
  0.12174446756880766       -4.2616205607350732       -4.0062044871159719     
  -3.8624014987651409       -2.5804885145823073        4.5178447504091235     
  -4.5184277537230315        3.2811667672520519        4.4370589036259274     
   2.9075017523764730        2.6810817188184135       -4.2361959387440775     
   3.9931707520460447       -2.2228940408828159        4.3077560870603300     
  0.35977226110128191       -4.1447782875799373        2.0811096192231227     
  -3.0996016243735918       -1.3346627872361698        2.8340118029512871     
  -3.3923569223755088        3.0009709756256786       -4.2376207487869397     
   2.2885223417824410        1.7786404108908862       -4.5688590097229023     
   3.3540989019494365       -2.3781616033346551        2.8626960370155761     
  -1.3809010990543380       -4.2077709975503801        3.2032091113351715     
  -3.2495159830296947      -0.64472879659101023        4.2529017783128511     
  -2.2118465826611624        2.2719734860785237        3.3660800346594475     
   3.5204906324437912        1.5052017295642457       -4.4733202982833582     
   2.4064989461217756       -2.8049346995788884        4.0743821625949703     
  -1.4574077579238260        3.8622798033975987       -3.9716125583160284     
  -2.9408613952761944        1.6191559399329272        3.9856288197748428     
   1.3491811064468477        3.6636469227656434       -4.3852010773635861     
   2.2282934851493779        3.3078865840138225        3.4467340091280305     
   4.1519407449640786       0.63009943112422973       -4.3114539387201605     
  0.86135960411760537        4.5933485522353514        3.8698973850513116     
  -4.2720763661034731       -3.4757969088655134        3.8938105787601449     
  -3.6314409165009454        3.8590254901698064       -4.6781571898288039     
   2.5982780901206173       -4.6542674102812693        3.9805702526639175     
  -4.4043199702901408       -1.6873252576446967        4.3837996439541111     
 -0.42793885120570763        4.2894758447395480       -4.4263169475643869     
  -4.3057811045327874       -2.0715961390923252       -4.0437523552365668     
  -4.2797857578853913        4.1876533613594633        3.9942965293681221     
   3.3312524878986829        2.4474272117233329        4.1169448546751601     
  -4.6152229358471528       -2.4405732163604021        3.7531865742223198     
  -1.0693365620691246        4.6691270065983765        4.0056900594138591     
  -3.7102097784039825       -1.9596507396077643        3.7956659882971717     
  -1.7615918150939018        3.9584573465382000        4.2219489668065444     
   4.3799043129993684        2.2195633657401803        4.2834497961862770     
   4.2384141897951233       -3.5645325505860872        4.3247586264137770     
  -1.6518359981152746       -4.5589842870634074       -4.6012663925481139     
  -4.0071668720721387        3.6006470254376699E-002   4.6007065473435862     
  -1.7723069733583530        3.1691864789739181        3.3461083931664595     
   3.8048311517163040       0.90167681355630525        3.1774077718638365     
   1.6829957029762839       -4.6497200821895053        4.3932610799666101     
  -2.9735584962353827        4.5424178333340013       -4.0122374344745246     
   3.9064670371484835        1.0131435794353201        4.1194731664601969     
  0.37003879174171361       -4.1080080085788930        4.4446474365556279     
   3.9983143734044111        4.0832189226560045        2.9865039157809576     
  -3.9391852874188293       -1.8268818758894640        2.8757542785747376     
   1.3559452988334368        3.6459339339595185        3.9929882298758925     
  -4.3758587680961254       -2.0339433853607067        1.9348928156696712     
  -2.8086859084988385        3.3249747470986279        3.1828373224530435     
   3.9598527924488915        2.7597513234372757        2.5303899376826680     
   4.3786577964542692       -3.8653853795678694       -4.0365504976287792     
 -0.40488630044904494        3.5098612048062034        3.4260137603338543     
  -3.9764769267004647      -0.97956362179136747        3.7489775275315225     
  -2.2508239451841701        4.3218174827308564        3.3931644844362547     
   2.9071599094369898        2.3687883752036996        2.4813057949372399     
   4.1823212687376259       -3.1692801122750183        3.3358711736318090     
  -2.5733889966045878       -4.6466232728307615        4.2440334298711706     
   4.6577238805684162      -0.61173998394666462        4.2955775220456349     
  -1.2514479918333781        4.0481372716930952        3.2132131749626143     
   4.1556275557668316        3.1011116238131988        3.5573004758151829     
   3.1278253416405186       -3.6768088561008563        4.1502876372830535     
  -3.3075354095682652        4.2971630983961386        3.7029826838454429     
  -3.0496752766614081      -0.24517685460614286        3.3848763656776248     
 -0.22905180785264326        4.6142083678922754        2.6098646396167489     
  -4.6512116824757026        1.4377690380991976        3.7034013689154310     
   2.7116225131287646       -4.5693166021905265       -4.4757671710261979     
  -3.6445084769322009       -4.1921641611014611        3.2864130931128339     
  -3.7134478826903203        3.2358452661335604        2.5832312388974454     
 -0.46098889463859838       -3.8199878688714604        3.8346913162721110     
   2.8594669333984206       -4.2035236261452580        3.0895199224730061     
   1.8707533354414800        4.5032212049468798        3.4309169556359875     
   3.5428898856461015       0.29087095818367137        2.4681423195056089     
  -3.0556223599733161      -0.60855620580092062        2.2092035795700711     
   3.4688962617266794        4.6040267080878721        2.3536964406650780     
   1.7659965544847014        3.9160959057392208        1.6676913107827405     
  -4.5082935534121580       -3.8168815914420060        2.7375430280682167     
   3.9572891206507421       -2.9919817895373715        1.0918091961497274     
  -4.3413536582994876        3.6896164095566610        3.2014499663638860     
  -4.5923889431021783        4.5389797497017348        2.4953497254311712     
   2.3250353908586416        4.6066077457820844        2.5241233064138129     
  0.35584338123983111       -4.3937963771521655        1.0274813354074157     
  -3.2802174957569381        2.3043284364677934        2.4663608700175401     
  -3.6216088729114984       -1.6446986166079332        1.0077749243322289     
   3.2863079793586518        4.6432101176561744       0.87907472562858391     
  0.58141994757073889        3.9788379691243838       0.87166505691457685     
  -4.0194872649810911       -3.8311693327586296       0.21213261625239727     
   4.5943029833485216      -0.96288121850585129        1.8699654630084432     
   3.8472872976599928        2.3212862320073002       0.83777074194911483     
  -4.1879333672594301        4.6150191344508569        1.1389279628510092     
   2.2503571257350865       -4.5510144717507979       0.42893464143649623     
  -4.2740432089335156       0.67420334862292863        1.6477224335262766     
   1.8342315426464342        2.8029016059346987       0.33727065730144024     
   4.4725164947244389       -3.2564232817393459       0.29622058695123410     
  -3.5621408629549758        3.3175205241540153        1.2344543463823663     
   4.0850261059011013        4.1567095523555766       0.32504659852123124     
 -0.25362021542197793       -3.6360514251077376      -0.55181010091969662     
  -3.9277923016606087        1.6921808421409366       0.10511065417544450     
  -4.2310749753121470       -1.7421302420887739       -1.9737503192382218E-002
   3.4797320227456017       -4.4171216593528104      -0.13733707904538459     
   1.3026334997114033        3.2112550637850159        1.1117585946201327     
  -3.7847739883410165       -3.6355123127081406       -1.3904634351322076     
   4.1076354632831347       -2.2115806771674462       0.23082510906744022     
  -4.5168694617995193        3.5918500276166951        1.1040274969894019     
  -4.1502616003136250        3.3447578000449392       0.15169285021166759     
   1.4393093548764673       -4.0312855534499255       -1.1418856984260959     
  -3.7208899628851575      -0.20766015565085486      -0.31152151931738692     
   2.6008883758406891       -4.6140499536221480      -0.58858036174314088     
   4.3355308465238549       -3.9775484810719783      -0.39204292934072821     
  -4.6609340292375947        2.2746260819277420       -1.2921660773895716     
   1.3344388607781044       -4.4689404517455156      -0.22663263056553601     
  -3.7510538845094361      -0.97843508078362551       0.25352682648989966     
  0.86463824376020926        4.0013820342609270      -0.28986993456413479     
  -4.3961903667671676       -3.3376534039287113      -0.66084576306012976     
  -3.9263357207439098        4.3972811438455972        8.6555616493751625E-002
   3.8539381064479890       -4.5356901628939905       -1.1591899701157173     
 -0.59671696372908367       -4.6659598234575181       -1.2511413193696308     
   3.5110559669151837        1.8280964066844683       -1.3585532746565760     
  -4.4431904419435098       -2.9287077297185626       -3.5042636387785997     
   2.8955330848590841       -3.8661941725120799       -3.0313756632284168     
   4.2685714114578195       0.62335735739984299       -1.0707959677729524     
  -2.0201108083074075       -4.3335223902865030      -0.54468267116772018     
   1.7306488084843388        4.2998288288774331       -2.0246923980434843     
  -3.7728982120236236        1.9284078333282382       -1.3059504211276343     
   2.2775493918649756       -4.4267325288176504       -1.5126127704833638     
  -3.9445297207265657       -4.2811739480296209      -0.72637292831799527     
   2.8608449757082206        2.1036505806436332      -0.76520594842277823     
   1.9818342260098134       -4.1962532616513331       -2.5681624961841742     
  -4.2077837686883743        1.1217263438877212       -2.5815949345245244     
  0.57536931463834473       -4.3732869405054133      -0.94042600883651895     
   4.5076554699189817        4.5766951411891377       -2.3942303990375695     
   4.5636582394541696        3.0346245589713861      -0.76043012387758768     
  0.63413062650058449       -3.4643939628564486       -1.4823102878619800     
   4.0016680723291120       -1.1671912888135574       -2.7368826724903048     
   1.4274790576918761        3.4828051616435998       -2.6282904100741811     
  -4.5109820535048053       -2.8236069707593687       -1.5238444276022820     
  -2.9414924291208489       -4.2766717586822312       -1.0117544418104518     
  -3.7119189917830040       -4.5029621901864116       -1.7856796927503149     
  -1.2921404014318769       -3.9243806219721824       -1.9520865708673536     
  -4.6839555890634106        3.0005721456685759       -1.9548135203675203     
  -3.5870798233324934       -3.6389569560248467       -3.4484528159241470     
   3.0264436633081337       -4.3298550062092298       -2.0654668871038311     
  -3.3066280633069685       -3.7944246884712207       -2.3006287399414442     
   2.9702118616562787        4.1481570429531196       -1.6456490582865451     
  -4.5540462687266077        2.1472175722816051       -2.2418796391212288     
   4.4008047052532691        3.5640478557172979       -2.7781271112943853     
   4.0986960050723509        2.2578570032763365       -3.9829407916759072     
   1.7673391334608772        2.0809980674130633       -2.0467541567747345     
   3.7223997149620409        2.3879051332584464       -2.1539643498407206     
   1.6457051886930611        4.4710017874435914       -3.0880445260067484     
  -3.8829441758818950        3.6580703801939087      -0.71871800362612692     
   1.0144287883395702       -4.2368209769894190       -2.0125934036750053     
   4.6305238558420987       -1.1080339864760518       -1.8948591490185582     
  0.59359211230037501        4.1397501877221092       -1.4816299326998692     
  -4.2066877321111447        3.7894572243390470       -2.2099475265118738     
   2.6688477192495376E-002  -4.6778588477359904       -2.1915835244645119     
   4.3094728586897926       -2.1697582289902022       -3.3498117348031187     
   4.5909068323094111        4.3522049391697530       -3.3801815531128407     
   4.4940159334708163        3.9209498511714966       -1.5812105393668785     
  -4.6370614015070144       -4.2713313291677979       -1.4714497200043279     
   3.6528551751418812       0.94653499769236848       -1.8796752768297424     
  -2.7549429171679449       -3.4510683171718872       -1.4774781547610336     
  -4.6345139376435727        4.4219551441623546      -0.58623237257058236     
   4.3535177848338433       -2.5044836338058412      -0.70709050104025040     
  -2.4621889281215275        3.9630663171797553       -1.3322931941593836     
   3.7608968717987956      -0.29527771408511683      -0.61692921898057596     
  -2.9568867863371384       -4.1526573901600337       -3.7957988328324671E-002
   4.3062418023572384        2.1985009386009473      -0.39081008746312162     
   2.8154914501584618       -3.5993718643529555        3.3085520075679366E-002
  -1.1140750411546978        3.7212700538680998       -9.6006319518087954E-002
   4.2407985009688831        1.1355554057743382        1.1957041130438204     
  -1.9903721371024730       -3.2858343366583722      -0.85330934052533947     
  -4.6826330572802064       -4.1297093621196357        1.9265887559188097     
  -4.4602045906171668       -2.2143475200951346       0.79077538530148195     
 -0.96409898779038339        4.4679270983098700        1.9878973102330151     
   3.7173722446439887      -0.75882654015380036        1.3809786402552262     
  -2.4424237427237063       -4.2058565118198743       0.88785758667053483     
   4.2250001297500557        4.3262462776665949        1.5231812117172079     
   2.7889384420251302       -4.1500891380987488        1.8917585654151181     
  -2.7456261425067296       -4.0189624658873386        1.8937423727791163     
   3.6965967172595193       0.36751999306197014        1.3796551407147701     
  -1.5676576180176733       -4.3099986047699295        1.3058937247280327     
  -3.9894047491425320        1.4763307446304079        2.1459641288174982     
   4.3801843279813966       -4.1938512540427677       0.74915153871334539     
  -3.1948735359554044        4.5287890325570723       0.83766670214591332     
   3.3941279484392952        2.0846965006399234        1.7507835779743073     
  -1.4107017702795339       -4.5296421274244398       0.33172909043376841     
   4.4611996824424027       -4.3255047636141839        3.5589003481128096     
  -3.3851164383514609       -1.5501147509068585        1.9111452172754333     
  -2.6474583558683863E-002   4.3430823978881241        1.7315050142831134     
   4.4348698012225505       -3.0097272283813168        2.0162187659462334     
  -3.5118510088163020        4.1985037190588814        2.6842204278691271     
   3.2955098621806989        3.8890943355526590        1.7190521843176474     
   3.8200339297309012       -4.1076677337188441        1.5784283354385733     
  -1.3906966426721510        3.4413865591278103        2.4676213125581712     
   4.6753479982520583      -0.10377012920263524        2.2703145083848009     
  -2.4386902144087337        4.4569140081755263        1.4678297625056085     
  -4.6562507233476280        3.5416925242840707        2.1667205232800573     
   3.5378224974881731       -4.5188810513094708        3.7639540403346943     
  -2.3555314067032311       -4.1494195270572236        2.8373245633368644     
   4.3410777112945622       0.93747659219645552        2.1691860965381498     
  -1.7876733878237556        4.3797474976164343        2.4868697790277583     
  -4.3023490801350777       0.78564538695991493        2.9219801756630157     
   3.8413132012151432       -4.1526238047572361        2.8727224428964493     
  -3.6072666966259908       -4.3632185742534011        2.2072237437503825     
   4.2492135364103394        2.9352396103747904        1.5254539520338475     
  -1.1515825557201325       -3.3520622483768632        1.3157265948914647     
   4.2863198718828786        3.1564235555950870       -3.6490734935381570     
   3.4795202886274663       -2.9313752539675231       -3.6151843922302076     
  -2.0103445600392567        4.6724644314978576       -3.7241725103442236     
   3.9172723643224212        1.3290871267788860       -3.6203600811259022     
   2.9917953972161055       -4.6843666197592686       -3.5976982567334108     
  -4.3613694447371847        1.6854024157132454       -3.3615941470848139     
  -1.0275517402666769       -4.6008430594960501       -3.6831648031077515     
  -4.0180206742792439      -0.99690925986825840       -4.3081431918884707     
  0.85637099848164777        4.2152561448809323       -2.5378143736587422     
  -3.5380252581033806        2.0884176046730771       -3.5706843569890023     
   1.2682300942024178       -4.4313514063236026       -3.8892096082491485     
  -4.6031781727653467       -1.2664339550217578       -3.4590891987043966     
  -3.0451251567096471        2.9955319790293440       -3.2853539967913177     
   4.2714966663660938        3.9901556890387919       -4.3179559568077348     
  -3.7002379239364416       -3.4960973213746969       -4.4117223861731256     
  -3.4548637977630241       -4.2982053292221147        4.2305665316347056     
  -4.0670800559657181       -4.4271661460709497       -3.9397910772989189     
   3.0096333593816795        1.4478409389909093        3.9425396458493456     
   2.3223727264921337       -1.8322165179947105        4.3159076347901850     
 -0.86201338824476137        2.7350757908551069        3.2720026340374759     
   1.2287315130637579      -0.78280328282461964        4.5121280198441927     
 -0.34735415772599154       -1.7123243856847632        4.5131359384385981     
  -1.0001410374901218        1.6472921874956261        3.3714345160049617     
  0.40911370090329291       0.35733680543613006        2.6470533677761949     
   3.8840555283630280        3.0958701215389919       -4.6743770194356626     
   3.1382187253176164       -1.8307031789645285        3.6850352620157363     
 -0.59077601774472854        3.3445807463292270       -3.8389530053189231     
   3.2253126897490305       0.43726271578961290       -4.5627105542390183     
   1.1477501145865210       -3.6003106491577936       -4.3511151363495237     
  -2.2274674985384784        6.0374897510248812E-002  -3.9885401147174728     
  -1.5437940491362209E-002   2.6304295761063092       -3.6432337084233977     
   3.2450616276009545       -1.2438921505171747        4.4326793326054412     
  0.31630357439923090       -3.0000609556530771        3.6585115331796900     
  -1.4253852475373194        2.3179776186168346        4.0304006357460871     
   1.4323362767424606        1.9649592574095380       -4.0519075371927684     
  -3.6189922077878434        3.2893840099069358        3.7309885634081499     
   4.4637682504527483       -2.3389213088175986        2.7427976281938706     
  -3.8255665786706636        3.8697789981601849       -3.6049261511452659     
  -4.2748096696522699        2.5605761444802968       -4.1984199332469823     
   2.2144347666772033       -3.7003314339153057        3.7374102128912630     
  -4.0507535437356168       0.80672656466098491       -3.9655936842703747     
  0.30970687501164529        3.4928807801182238       -4.2265990599066887     
  -4.5802716470030829        1.3329146037378923        4.6757012144426371     
  0.88217975086900757       -4.2939864411854076       -3.0020918613993368     
  -2.9400973975089042       0.83854441018985437       -4.1673375988203309     
  0.97988558300078055        2.9115403460185596       -3.8140018784465712     
   3.5034946691601085       -1.5997656654611250       -3.6522034892643562     
  -2.6752575892648531       -3.9014618673726313       -4.4336860472044357     
  -1.9930172697997353        2.9593247237480136        4.4813369096639581     
   4.0193419344621830        3.9402253318289246        3.9753633888206084     
  -4.4095882141266713       -4.3817661997013504        4.5324185887187767     
   3.7811958408739663       -4.1195781258357496       -3.1114168396013997     
  -1.6900327169788389        2.9656783956226871       -3.8705968162194653     
   3.6082262576967259        4.0295637645731457       -3.3080208585392747     
   3.3610764206166852       -2.8623341474188253       -4.6393396149055466     
  -3.7493431371450976       0.20623056906484960       -3.2166324498758252     
  0.67813591402504592        4.4103617234468064       -4.4788779705865913     
  -4.4506430310346135      -0.17637622134611819       -3.7548953266725200     
   2.5340182708476844       -3.0478015465549686       -3.6853254104008077     
  -3.4161890820212024        1.7539269057910405       -4.4963637008865147     
  0.88382585199640640        3.8728793950019185       -3.5726879393396822     
   4.2494556860269066       -1.2924738399672269       -4.4214425783546707     
 -0.60613707491633395       -4.0146418826600119       -4.6175897461419328     
  -2.8845051022524184        2.5676327738522464        4.4384917324302737     
   2.1820949040059250       -4.0680599566989244       -3.5659077199646547     
   3.2962383533895507       -2.8080506472718989        3.7138026827847836     
  -2.5333304460763806        3.5532787363601432       -4.1304594275257740     
   3.7958771657127910       -4.6215411335232224       -4.6268606005806916     
